/* ************************************************************************** */
/*                                                                            */
/*                                                        :::      ::::::::   */
/*   precalc_matrix2.c                                  :+:      :+:    :+:   */
/*                                                    +:+ +:+         +:+     */
/*   By: gwolf <gwolf@student.42vienna.com>         +#+  +:+       +#+        */
/*                                                +#+#+#+#+#+   +#+           */
/*   Created: 2023/03/05 18:35:32 by gwolf             #+#    #+#             */
/*   Updated: 2023/03/09 14:36:00 by gwolf            ###   ########.fr       */
/*                                                                            */
/* ************************************************************************** */

#include "fdf.h"

void	ft_precalc_zoom(t_mat4 mat, int index)
{
	static const t_mat4	zoom[6] = {
	{{1.1, 0, 0, 0}, {0, 1.1, 0, 0},
	{0, 0, 1.1, 0}, {0, 0, 0, 1}
	},
	{{0.9, 0, 0, 0}, {0, 0.9, 0, 0},
	{0, 0, 0.9, 0}, {0, 0, 0, 1}
	},
	{{1.3, 0, 0, 0}, {0, 1.3, 0, 0},
	{0, 0, 1.3, 0},	{0, 0, 0, 1}
	},
	{{0.7, 0, 0, 0}, {0, 0.7, 0, 0},
	{0, 0, 0.7, 0}, {0, 0, 0, 1}
	},
	{{1.5, 0, 0, 0}, {0, 1.5, 0, 0},
	{0, 0, 1.5, 0},	{0, 0, 0, 1}
	},
	{{0.5, 0, 0, 0}, {0, 0.5, 0, 0},
	{0, 0, 0.5, 0}, {0, 0, 0, 1}}};
	t_mat4				temp;

	ft_init_mat4(temp);
	ft_mult_mat4(zoom[index], mat, temp);
	ft_copy_mat4(temp, mat);
}

void	ft_precalc_view(t_mat4 mat, int index)
{
	static const t_mat4	view[5] = {
	{0},
	{{1, 0, 0, 0}, {0, 1, 0, 0},
	{0, 0, 1, 0}, {0, 0, 0, 1}
	},
	{{0.707106781, 0.707106781, 0, 0},
	{-0.577353046, 0.577353046, 0.577344716, 0},
	{0.408244364, -0.408244364, 0.816500508, 0},
	{0, 0, 0, 1}
	},
	{{0.70711, 0, -0.70711, 0},
	{0.40824, 0.81650, 0.40824, 0},
	{0.57735, -0.57734, 0.57735, 0},
	{0, 0, 0, 1}
	},
	{{0.70710678118, 0.57735304576794319477, 0.40824436374789910925, 0},
	{-0.70710678118, 0.57735304576794319477, 0.40824436374789910925, 0},
	{0, -0.57734471598, 0.81650050761, 0},
	{0, 0, 0, 1}
	}};
	t_mat4				temp;

	ft_init_mat4(temp);
	ft_mult_mat4(view[index], mat, temp);
	ft_copy_mat4(temp, mat);
}
