/* ************************************************************************** */
/*                                                                            */
/*                                                        :::      ::::::::   */
/*   precalc_matrix.c                                   :+:      :+:    :+:   */
/*                                                    +:+ +:+         +:+     */
/*   By: gwolf <gwolf@student.42vienna.com>         +#+  +:+       +#+        */
/*                                                +#+#+#+#+#+   +#+           */
/*   Created: 2023/02/17 07:58:40 by gwolf             #+#    #+#             */
/*   Updated: 2023/03/08 18:52:03 by gwolf            ###   ########.fr       */
/*                                                                            */
/* ************************************************************************** */

#include "fdf.h"

void	ft_precalc_rot_x(t_mat4 mat, int index)
{
	static const t_mat4	rot_x[6] = {
	{{1, 0, 0, 0}, {0, 0.999847695, 0.017452406, 0},
	{0, -0.017452406, 0.999847695, 0}, {0, 0, 0, 1}
	},
	{{1, 0, 0, 0}, {0, 0.999847695, -0.017452406, 0},
	{0, 0.017452406, 0.999847695, 0}, {0, 0, 0, 1}
	},
	{{1, 0, 0, 0}, {0, 0.998629535, 0.052335956, 0},
	{0, -0.052335956, 0.998629535, 0}, {0, 0, 0, 1}
	},
	{{1, 0, 0, 0}, {0, 0.998629535, -0.052335956, 0},
	{0, 0.052335956, 0.998629535, 0}, {0, 0, 0, 1}
	},
	{{1, 0, 0, 0}, {0, 0.996194698, 0.087155743, 0},
	{0, -0.087155743, 0.996194698, 0}, {0, 0, 0, 1}
	},
	{{1, 0, 0, 0}, {0, 0.996194698, -0.087155743, 0},
	{0, 0.087155743, 0.996194698, 0}, {0, 0, 0, 1}}};
	t_mat4				temp;

	ft_init_mat4(temp);
	ft_mult_mat4(rot_x[index], mat, temp);
	ft_copy_mat4(temp, mat);
}

void	ft_precalc_rot_y(t_mat4 mat, int index)
{
	static const t_mat4	rot_y[6] = {
	{{0.999847695, 0, -0.017452406, 0}, {0, 1, 0, 0},
	{0.017452406, 0, 0.999847695, 0}, {0, 0, 0, 1}
	},
	{{0.999847695, 0, 0.017452406, 0}, {0, 1, 0, 0},
	{-0.017452406, 0, 0.999847695, 0}, {0, 0, 0, 1}
	},
	{{0.998629535, 0, -0.052335956, 0}, {0, 1, 0, 0},
	{0.052335956, 0, 0.998629535, 0}, {0, 0, 0, 1}
	},
	{{0.998629535, 0, 0.052335956, 0}, {0, 1, 0, 0},
	{-0.052335956, 0, 0.998629535, 0}, {0, 0, 0, 1}
	},
	{{0.996194698, 0, -0.087155743, 0}, {0, 1, 0, 0},
	{0.087155743, 0, 0.996194698, 0}, {0, 0, 0, 1}
	},
	{{0.996194698, 0, 0.087155743, 0}, {0, 1, 0, 0},
	{-0.087155743, 0, 0.996194698, 0}, {0, 0, 0, 1}}};
	t_mat4				temp;

	ft_init_mat4(temp);
	ft_mult_mat4(rot_y[index], mat, temp);
	ft_copy_mat4(temp, mat);
}

void	ft_precalc_rot_z(t_mat4 mat, int index)
{
	static const t_mat4	rot_z[6] = {
	{{0.999847695, 0.017452406, 0, 0}, {-0.017452406, 0.999847695, 0, 0},
	{0, 0, 1, 0}, {0, 0, 0, 1}
	},
	{{0.999847695, -0.017452406, 0, 0}, {0.017452406, 0.999847695, 0, 0},
	{0, 0, 1, 0}, {0, 0, 0, 1}
	},
	{{0.998629535, 0.052335956, 0, 0}, {-0.052335956, 0.998629535, 0, 0},
	{0, 0, 1, 0}, {0, 0, 0, 1}
	},
	{{0.998629535, -0.052335956, 0, 0}, {0.052335956, 0.998629535, 0, 0},
	{0, 0, 1, 0}, {0, 0, 0, 1}
	},
	{{0.996194698, 0.087155743, 0, 0}, {-0.087155743, 0.996194698, 0, 0},
	{0, 0, 1, 0}, {0, 0, 0, 1}
	},
	{{0.996194698, -0.087155743, 0, 0}, {0.087155743, 0.996194698, 0, 0},
	{0, 0, 1, 0}, {0, 0, 0, 1}}};
	t_mat4				temp;

	ft_init_mat4(temp);
	ft_mult_mat4(rot_z[index], mat, temp);
	ft_copy_mat4(temp, mat);
}
